2082195
2182727
2798679
2912851
2913730
2915537
2917738
2917788
2917999
2930915
2962862
5648033
5672895
5700287
5771185
5903504
6066914
6081851
6085954
6402109
6436213
6633854
6766041
6962652
6984513
6984845
7681482
7681572
7803961
7803976
9171563
9254662
9590643
10765884
10765890
10766867
10766877
10766883
10766983
10782503
10829090
10829149
10829774
11708030
12070117
12119723
12512486
12522025
12653667
13377633
13714636
13717231
13717282
13736736
13737035
13920739
14068861
14647285
15182773
16371062
16404713
16763273
16804037
16840909
17028306
17098642
17257105
17263179
17326658
18868936
18870907
18874746
18893675
18894555
20051047
20253928
20537052
20649998
20650438
20754836
21188727
21448161
21448239
21454134
22150509
22151726
22161235
22299728
22320855
22402598
22403233
22403238
22403244
22403250
22403358
22403576
22523922
22681429
22701230
22709662
23185080
23185372
23185429
23185489
23185587
23238160
23238458
23242757
23252535
23252543
23261063
23345021
23357717
23358411
23359122
23360218
23361135
23363047
23363683
23365588
23366225
23369420
23376894
23377574
23378264
23382853
23383532
23384312
23385300
23386028
23387407
23388112
23388891
23389567
23390256
23391251
23393709
23394387
23395068
23395761
23397101
23397800
23398520
23402836
23403873
23404955
23406051
23407309
23419683
23426644
23430160
23536676
23574165
23611223
23618086
23618305
23618404
23620297
23620376
23620537
23624730
23624810
23704491
23792398
23796532
23877440
23888023
24017347
24024012
24080520
24111165
26454052
26454463
26455186
26581203
26928347
26991087
27010848
27071354
27072412
27072419
27072426
27087758
27088050
27088120
27092056
27099333
27192647
27192717
27509898
27706976
28136576
28138132
28139443
28324534
28420257
28625428
28625786
28651971
28730491
29179218
29897263
30603577
30623736
31444065
31482193
31490383
31495300
31503928
31504026
31508725
31523791
31584491
31627294
31627897
31628467
31628578
31631028
31631065
31668439
31953047
32125016
32159647
32288619
32330469
32331471
32337134
32355758
32436565
32436598
32436964
32568046
32568081
32568171
32568356
32568421
32579611
32616753
32642807
32885648
33223520
33223674
33223876
33223924
33224013
33224079
34105851
34105901
34115551
34121815
34272006
34483228
34648979
34826524
34855932
35789302
35926012
36053554
36202272
36230715
36275161
36961261
37026802
37344102
38086434
38087530
38925959
38926578
38926776
38961118
39075433
39781322
40882931
40883478
40883509
43726934
46225191
46225198
46225204
46225251
46225259
46225264
46225269
46225275
46225280
46225286
46225291
47429473
47745387
48889537
48933667
49090109
49102266
49104005
49104018
49119031
49411430
49427145
49872869
50584157
50865909
50867356
50908630
50920720
51040081
51826225
51879262
52056979
52081194
52337206
52341015
52625222
52625580
52625604
52699692
52699794
52699891
52791154
53532721
54101111
54122226
55174152
55178308
55396830
57057099
57072869
57208816
57211601
57211623
57211645
57211665
57211694
57211843
57211911
57211931
57211948
57550365
58133724
58133955
58306718
58335529
58369793
58427430
59280306
59361239
60113862
60203358
60227051
60647264
60647373
60705749
60705777
60799209
61167036
61169810
61187204
61340695
61368860
61414583
61629922
61680876
61699798
62467093
62477836
62533452
62585003
62849940
63307133
65182838
65183024
65183094
65183128
65311813
65506040
66264206
66264512
66264973
66265579
67295358
69102302
72366312
72815317
72912669
74759511
74849188
74849238
74849752
74887305
74924130
75370425
75949627
76037475
76048156
77004961
77216508
77305266
80190996
81264468
81278704
81284258
81284732
81290853
81679060
81992349
82065439
82250339
82261629
82494366
82798486
82799056
82799247
82799266
83091496
83364981
83365055
83446023
83575988
83633333
83635757
83651737
83685534
83932776
83932806
83950567
84069156
84086332
84235320
84241317
84272419
84275910
84282579
84282778
84684372
84832312
84982474
84982529
84982730
84982760
84982814
84982866
84982957
84982987
84984739
84985561
85046039
85046138
85059905
85114205
85278484
85278488
85775099
85831268
85920899
86107666
86161124
86930819
86931058
86932894
87475764
88178771
88204864
88208453
88560527
88699437
88960227
88961866
89007211
89007672
89008731
89551692
89572672
89580381
89591582
89591587
89591592
89591597
89591853
89604208
89712092
90534730
90934726
90935642
90945164
91065526
91065787
91066011
91066890
91133993
91134220
91134296
91134339
91141200
91141358
91147280
91162348
91162809
91162818
91164078
91164682
91705339
91705516
91719271
91719479
91719690
91721412
91721624
91802930
91843343
91843355
91978958
91979034
91986407
91986699
92176679
92280506
92311441
92339315
92345617
92349060
92349462
92352453
92354366
92361403
92369985
92372904
92374235
92374415
92375737
92376771
92377596
92377700
92381744
92381860
92381972
92382183
92382259
92382502
92382785
92382919
92383112
92383390
92383575
92386133
92386186
92402884
92402946
92403591
92403712
92403719
92404744
92405089
92405099
92405576
92405687
92408313
92418884
92418897
92419056
92421974
92421987
92422039
92422111
92422166
92422174
92422287
92422507
92422614
92538776
92538950
92539294
92603050
92668032
92705462
92818698
92829908
92830796
92836209
92837737
92838918
92839940
92845118
92847452
92868976
92874677
92887892
92893577
92908902
92912141
92916191
92932169
92938176
92939478
92942045
92942725
92944917
92945211
92946371
92951267
92951324
92952350
92952380
92952435
92953721
92955722
92957477
92962471
92963511
92964392
92965092
92965276
92966540
92966868
92967115
92967451
92968671
92969319
92969685
92970070
92970149
92970356
92981603
93009446
93064247
93313420
93386467
93562597
93593000
93672744
93673292
93891032
93891802
93892406
93917141
93926445
93938097
93965567
94201220
94538871
94691183
94891280
94896680
94958986
95078276
95094548
95177642
95193716
95198819
95198923
95214515
95384660
95384750
95456261
95496528
95510206
95531363
95612025
95625348
95631105
95631481
95634150
95635888
95645335
95645412
95645489
95645566
95645796
95647400
95647461
95659927
95671743
95672270
95672725
95674618
95675197
95675441
95676312
95682290
95686613
95693513
95693624
95706942
95707047
95714547
95720196
95756938
96788329
96788454
96788715
96790156
96865782
97066316
97075423
97162740
97221740
97428682
97587411
97588256
97596752
97669975
97705317
97786619
97786886
97787114
97857602
97918549
98123025
98139292
98139299
98146590
98147638
98150237
98151312
98152296
98174143
98296160
98527447
98730962
98751482
98833446
99193520
99381425
99496298
99655078
99732586
99877532
100277317
100370227
100596964
100717873
100949031
100956132
100961371
100992568
101045049
101052065
101055739
101232348
101828244
101830330
101962320
101963252
101981216
102061382
102394954
102571573
102717804
102802266
102952333
103483819
104792555
104925036
105285641
105608907
105875696
105890401
106019819
106020091
107874947
108026026
108657991
109182197
109232682
110187589
110197099
110584402
111113048
111465803
111465890
113079721
113655498
114597194
116704767
116898182
116898345
116929912
116929971
116930032
117207637
117255443
117332401
117367327
117558277
117558443
117558733
117558827
117558885
117558946
117559081
117559215
117559348
117992182
118754346
118931160
119943459
120814542
121129636
121129803
121201522
121452280
121513270
121886178
122192082
122674071
122674680
123269393
123269480
123465498
123465505
123946757
124259565
124562627
125287488
126633566
126992596
127143428
134672031
136500785
136977463
139487459
139874527
140852044
141892127
143145882
143225258
143225378
143276397
143381887
144403219
144618701
144685014
144827017
144829347
144831974
144891812
144934807
144938024
144941214
144943272
144943900
144949746
145073435
145436375
145438231
145490272
145545992
145563735
145569560
146355618
146526897
146527872
147699816
147745771
147746599
148151985
148700996
149491513
150217468
153323669
153893673
154208982
154210963
154961582
155016832
155595892
156134818
156321746
157831511
158495696
159058523
160213582
162181079
164691839
165035197
165181964
165250645
165250656
165250864
165250936
165250946
165807314
168005721
168717401
168742728
169031144
169446459
169475672
169475945
169963390
169968163
169992386
169993006
170030476
170129403
170515833
170815280
170927020
171423478
171423486
171423593
171423851
171423920
171423957
171471754
171788103
172076998
172370156
172370242
172371167
173221489
173223018
173430027
173464604
174341395
175523259
176190469
176191843
176334674
177304947
179696755
179816360
185321782
185577495
187078002
188152002
188456707
188458250
188880263
189321805
189512756
189513183
190505215
190522689
191137435
193010008
193015437
193678899
193968929
193975971
193980928
194148251
194152944
194193152
194212943
194530870
194681257
194760567
194771779
194787439
195230734
195789543
196170773
196171123
196171333
196216391
196281247
196880333
199102369
199947426
200301029
200301683
200965116
200999311
201022999
201842953
201843107
201843214
201843308
201843417
201843515
201843742
201843898
201844008
201844107
201844485
201941003
202436389
203052143
203656156
204345790
205406319
205506027
206022012
209284198
210162999
210773418
211119506
211158883
211160810
211164639
211211962
211281122
211284864
211565084
211583879
211584761
211642516
211643689
211644919
211645908
211646857
211707418
211711370
211728382
211728462
211728761
211728988
211729099
211729343
211730349
211784747
211839191
212041958
212131356
212131434
212131627
212132295
212135418
212135465
212135759
212190973
212191026
212696583
213545688
213753191
213758257
213845896
213845926
215052561
215122313
217669650
220138697
220138948
220408017
220598917
222118417
222213505
222663680
222669359
225440511
226143239
226171953
226846179
227850700
229605883
230017884
232498815
233640420
233648465
233649117
233649348
233650653
234805649
234805808
242814763
245335415
246961901
246962061
