6436213
7803961
7803976
9254662
9590643
10829774
12119723
12522025
14647285
16763273
16804037
17028306
17098642
17257105
17263179
17326658
18894555
20253928
20754836
22403233
22403238
22403244
22403250
22403358
22403576
22523922
22681429
26454052
26454463
26455186
26581203
26928347
27071354
27072412
27072419
27072426
27087758
27088050
27088120
27192647
27192717
28625786
28730491
29897263
31523791
31584491
32288619
32568171
32568356
32579611
34826524
34855932
36053554
36230715
36275161
38086434
40882931
40883478
40883509
43726934
47429473
49411430
50584157
55178308
55396830
59280306
59361239
60113862
60227051
60647264
60647373
60705749
60705777
60799209
61340695
61414583
61629922
61680876
61699798
62467093
62477836
62585003
62849940
63307133
65182838
65183024
65183094
65183128
65311813
66264206
66264973
66265579
74924130
77305266
81284732
81992349
82065439
82250339
82798486
82799056
82799247
82799266
83091496
83446023
83932776
83932806
84069156
84235320
84275910
84985561
89712092
91133993
91134220
91134296
91134339
91141200
91141358
91147280
91162809
91162818
91164078
91164682
91986407
92705462
93313420
93386467
94538871
94891280
95094548
95177642
95674618
95675197
95675441
95676312
95682290
95686613
95693513
95693624
95706942
95707047
98139292
98139299
98147638
98150237
98174143
98296160
100596964
100961371
101962320
101963252
101981216
102061382
102802266
105608907
113655498
116704767
116898182
116898345
116929912
116929971
116930032
123269393
123269480
123465498
123465505
124562627
145545992
147699816
154208982
154210963
154961582
155016832
156134818
158495696
168717401
169993006
172076998
174341395
176334674
185577495
188880263
189321805
189512756
189513183
200301029
200301683
200965116
200999311
201022999
203656156
209284198
211839191
217669650
220138697
220138948
225440511
